Summary stats of Assembly squirrel
------------------------------------------------
        state  reads_raw  reads_passed_filter
JF2         2      11245                11210
JF3         2       2638                 2451
JF4         2       5608                 5577
JFF1        2      14789                14734
PE1         2       8921                 8871
PE10        2      17830                17768
PE11        2      23333                23071
PE12        2      13084                13032
PE5         2       2700                 2681
PE6         2       9790                 9738
PE7         2      28140                28038
PE8         2      21181                21120
PE9         2       7250                 7221
RK10        2       7160                 7142
RK11        2      13273                13231
RK12        2      26983                26931
RK13        2      32887                32814
RK14        2       1359                 1337
RK15        2       2414                 2389
RK16        2       1488                 1474
RK17        2       7491                 7459
RS11        2       1336                 1324
RS32        2       1218                 1186
RS33        2       6224                 6153
UMA1        2      12995                12922
UMA10       2        562                  545
UMA101      2      17457                17410
UMA104      2       5041                 4994
UMA13       2      27365                27285
UMA14       2       3401                 3362
UMA15       2       7999                 7951
UMA16       2       1116                 1102
UMA17       2      25610                25536
UMA18       2       2582                 2540
UMA19       2      32107                32007
UMA2        2       6387                 6357
UMA20       2       2996                 2974
UMA21       2       5750                 5698
UMA22       2       1364                 1337
UMA23       2       1228                 1207
UMA24       2      10215                10163
UMA25       2       8484                 8440
UMA26       2      12140                12089
UMA3        2      18441                18300
UMA33       2       1208                 1188
UMA34       2       1520                 1498
UMA35       2       1698                 1662
UMA36       2      17219                17170
UMA37       2      10676                10638
UMA38       2      28740                28634
UMA39       2        558                  548
UMA4        2       4219                 4191
UMA40       2      19235                19176
UMA41       2      13000                12950
UMA42       2       8943                 8894
UMA44       2       8450                 8420
UMA45       2        731                  719
UMA46       2       1063                 1050
UMA47       2      45940                45582
UMA48       2       9294                 9263
UMA49       2       8382                 8344
UMA5        2       2340                 2329
UMA50       2       2727                 2704
UMA51       2      26113                26019
UMA52       2      27375                27060
UMA53       2       5011                 4961
UMA55       2       1293                 1281
UMA56       2      19402                19345
UMA57       2      20342                20252
UMA59       2       3323                 3237
UMA6        2       8083                 8048
UMA60       2       2214                 2136
UMA62       2      34180                34091
UMA63       2      27367                27263
UMA64       2       1600                 1575
UMA65       2      62138                61090
UMA66       2      20205                20117
UMA67       2      17252                17184
UMA68       2       2659                 2635
UMA69       2      22169                22097
UMA7        2        558                  536
UMA70       2      27426                27347
UMA71       2       9972                 9922
UMA72       2      13194                13137
UMA73       2       7207                 7139
UMA74       2      11525                11429
UMA76       2      12148                12104
UMA77       2      11825                11351
UMA78       2      18596                18534
UMA79       2       6373                 6349
UMA8        2      17894                17852
UMA80       2       8011                 7970
UMA81       2       3844                 3812
UMA82       2      10778                10746
UMA9        2       9161                 9108
